$ANSIBLE_VAULT;1.1;AES256
37383833356237643935393963383237386238366131363364643161663032306530326533623437
6530303066346438393330386338366532623565306530370a393238656639666466653564633232
61656437633931373232666162653262356163393162373734336664643865393165366565313339
6235346531633534620a383032336361633663373264333334386639396663363834383138316633
30666534646430613135646661323366323532626365383734626664643363326664333261383632
61356666313839376333363162653362306336633561383065343232623834383766323438323539
62623430336538643166376363386234383933636633336538303335643536653730336265353136
31373566613565353236346562323831346434393635663437373734326137313539363563636333
36653131613633383766653566346532346562356362356231346163633639336334306665646263
32303563343732383736313161623931356438343833393434303331643164626562343962303233
39343163633430393061626231333564373961616631333039623734373761646232386263653130
65383836613466653766653339323262633233626464323433646165336336353130333361343833
35613366333461376464316138383862633062313564386635623936663335663434646262666461
38653133333061396163303230656330656665336138303765316566663136326562643839356237
34653932636133613239376162646665336561386561316539333165616664306666313835383935
61643464656166356435653233343739376339356233386331313536353137623065366364626165
66646536373332333830336533643237626365313161633861623165366566306536626234346336
65643038366138313838616466633334383762646634313536646536366363393631363531636136
63333233643439363039346234663966333530626366383635323632386636666133306163313639
64373230353937663461623236656538376137653439316163323438616233383465353366323039
65323336333335613934303661636634353862383639373136373561373866643834626530353864
33366333666666386663333733636332616433353739303866663661383738613563386365613535
34613832663037303061326661393265646637663135383436393834376134383637373030663030
63626639353531363465
