$ANSIBLE_VAULT;1.1;AES256
39656664626434663533353334643164343931373636313166616565363266633232656130303263
6133303762396239316336323734663036393230306230390a323030653434316166636533396434
38333931633938303938353663323161653638613366663531326566323036353037326538346138
3239653134386635300a303433373665303037613966363362616632323535626339303763333530
34613734323734633637353038643965623263313139643734356366376238356365353939363239
31643133333636393734316637326364316164663266626661333561306634396366396535336537
37376435633866383061646534326135363232343030313063653630363830336634306633656633
61653939303266393536666564326261356465653736363733386436306538366135396265383637
37393762633437613730666436326637333066666265376431633365633864313431613133646238
34353530613566633937653438386662333230646661373637383464306164306265666366663831
31623235326633613961313864633861613338343535333162323562633262373530333737366666
33323665656633623435316531663964653035303438326661613561663563313237623031326439
31353265353033396231623063633831396234643462303965326137356463653161386236663533
61346535656463383130623535346335383065313136666531336639313433333362376263373534
36326137393636333932613537626138313865643166366330633332323665386134353166363861
39613830356132396332386537353065633564613764393863353562383766646138633030666539
36636134323535376162366466613464336362303137396638303463313430623532316634336139
33303531373965653764363261336436383938666133353033383237323039643733333262336565
31613061623930373730376539663034613738373136616536346533313034656633663331636138
38303234323462626564653436346365323633646262316438666538373962376663373432323766
35636534393164373936306135643664633231653930356266373537343632363038303564363238
34353130343538316138306536396330653137373031636331623165346634613838613536623830
37663432333265343964646666383632653961363465646432306265663131383130376532623536
62313931646334623931
